id,rate,output_data_fixa,input_data_fixa,rate_ue,output_ue,input_ue
3100104,-209,587,378,-219,601,382
3100203,-165,1496,1331,-412,1921,1509
3100302,-258,1193,935,-594,1633,1039
3100401,12,264,276,-162,472,310
3100500,-738,1049,311,-764,1163,399
3100609,-1281,1708,427,-1619,2085,466
3100708,87,54,141,123,30,153
3100807,152,116,268,134,184,318
3100906,-419,1354,935,-348,1447,1099
3101003,-213,456,243,-224,504,280
3101102,-100,950,850,-136,1112,976
3101201,-107,422,315,-130,494,364
3101300,-94,161,67,-221,303,82
3101409,66,23,89,80,30,110
3101508,-436,1012,576,-397,1096,699
3101607,922,2668,3590,925,3110,4035
3101631,330,130,460,289,209,498
3101706,-1099,3054,1955,-1160,3447,2287
3101805,341,364,705,294,471,765
3101904,163,571,734,48,756,804
3102001,138,452,590,55,601,656
3102050,150,485,635,196,553,749
3153509,-479,656,177,-497,713,216
3102100,-430,496,66,-540,628,88
3102209,-677,1193,516,-818,1492,674
3102308,-105,172,67,-128,213,85
3102407,-217,400,183,-215,418,203
3102506,135,795,930,93,923,1016
3102605,-259,558,299,-357,673,316
3102803,-47,449,402,-60,564,504
3102852,55,374,429,93,469,562
3102902,1,590,591,-65,803,738
3103009,-341,739,398,-323,804,481
3103108,-40,107,67,-7,124,117
3103207,-4,317,313,-62,408,346
3103306,44,34,78,15,67,82
3103405,-441,1346,905,-708,1714,1006
3103504,84,2751,2835,230,3153,3383
3103603,14,68,82,3,84,87
3103702,-59,344,285,-95,395,300
3103751,167,105,272,141,146,287
3103801,-40,218,178,-63,254,191
3103900,757,225,982,756,331,1087
3104007,-347,3755,3408,-533,4722,4189
3104106,68,148,216,112,137,249
3104205,527,1411,1938,721,1860,2581
3104304,311,471,782,236,577,813
3104403,7,182,189,-22,223,201
3104452,149,187,336,189,169,358
3104502,18,880,898,203,880,1083
3104601,51,528,579,35,662,697
3104700,-375,791,416,-510,990,480
3104809,-630,820,190,-500,743,243
3104908,-201,532,331,-244,652,408
3105004,61,501,562,-10,694,684
3105103,454,1064,1518,500,1215,1715
3105202,-207,340,133,-234,375,141
3105301,61,374,435,89,387,476
3105400,1048,1214,2262,973,1435,2408
3105509,-183,258,75,-234,321,87
3105608,-798,4872,4074,-757,5434,4677
3105707,-343,467,124,-414,563,149
3105905,-521,921,400,-357,871,514
3106002,139,440,579,71,552,623
3106101,-200,335,135,-153,304,151
3106200,-88236,169803,81567,-91048,188261,97213
3106309,602,1112,1714,478,1389,1867
3106408,9,369,378,-42,484,442
3106507,-403,505,102,-390,535,145
3106655,-111,249,138,-49,218,169
3106606,-49,156,107,-24,170,146
3106705,17295,14628,31923,21125,15274,36399
3106804,-110,244,134,-154,298,144
3106903,-183,872,689,-523,1262,739
3107000,-121,258,137,-90,236,146
3107109,-1404,2383,979,-1410,2622,1212
3107208,-160,188,28,-118,153,35
3107307,-1316,2638,1322,-1657,3408,1751
3107406,144,2435,2579,-302,3290,2988
3107505,-161,319,158,-187,350,163
3107604,46,215,261,31,305,336
3107703,59,335,394,21,424,445
3107802,71,1100,1171,-93,1460,1367
3107901,-68,333,265,-103,407,304
3108008,-964,1374,410,-997,1495,498
3108107,209,229,438,26,454,480
3108206,-406,699,293,-474,817,343
3108255,109,226,335,104,292,396
3108305,17,528,545,-76,732,656
3108404,68,436,504,-110,641,531
3108503,-277,434,157,-291,476,185
3108701,74,848,922,65,1031,1096
3108552,-1178,2130,952,-1323,2506,1183
3108602,-78,213,135,-145,294,149
3108909,-189,337,148,-186,400,214
3108800,-546,804,258,-432,829,397
3109006,1998,1641,3639,2326,1856,4182
3109105,-83,315,232,-163,421,258
3109204,-32,590,558,-223,987,764
3109253,108,159,267,7,259,266
3109303,268,762,1030,402,818,1220
3109402,-744,1716,972,-539,1841,1302
3109451,301,64,365,328,74,402
3109501,133,674,807,334,754,1088
3109600,-307,375,68,-166,347,181
3109709,103,407,510,105,530,635
3102704,60,105,165,35,113,148
3109808,361,756,1117,425,751,1176
3109907,-354,1943,1589,-530,2298,1768
3110004,291,81,372,216,224,440
3110103,61,174,235,-20,258,238
3110202,-44,785,741,-97,942,845
3110301,-295,375,80,-372,474,102
3110400,41,545,586,284,486,770
3110509,505,549,1054,726,694,1420
3110608,-22,521,499,-91,614,523
3110707,-73,287,214,-85,303,218
3110806,126,523,649,42,691,733
3110905,-411,1053,642,-479,1190,711
3111002,-743,1982,1239,-1057,2441,1384
3111101,-152,291,139,-154,319,165
3111150,-664,1888,1224,-951,2431,1480
3111200,-280,474,194,-189,467,278
3111309,412,441,853,504,467,971
3111408,-578,1255,677,-744,1471,727
3111507,-380,1355,975,-30,1578,1548
3111606,-385,613,228,-310,564,254
3111903,-229,845,616,-236,981,745
3111705,-116,317,201,-74,285,211
3111804,75,657,732,263,579,842
3112000,189,148,337,183,150,333
3112059,-162,473,311,-192,554,362
3112109,-202,300,98,-318,454,136
3112208,-840,2853,2013,-916,3268,2352
3112307,48,155,203,93,142,235
3112406,527,333,860,465,425,890
3112505,-714,1205,491,-913,1486,573
3112604,94,267,361,167,222,389
3112653,-418,1074,656,-785,1517,732
3112703,319,342,661,297,424,721
3112802,-179,540,361,-330,726,396
3112901,-597,1074,477,-604,1326,722
3113008,-228,363,135,-271,411,140
3113107,26,899,925,-44,1084,1040
3113206,-311,1607,1296,-312,1949,1637
3113305,-2113,6411,4298,-2823,8008,5185
3113404,-88,546,458,-77,545,468
3113503,-83,419,336,-88,457,369
3113602,-1054,1474,420,-1276,1813,537
3113701,-133,226,93,-118,249,131
3113800,-253,724,471,-302,967,665
3113909,35,505,540,-229,818,589
3114006,-264,653,389,-434,904,470
3114105,222,534,756,528,652,1180
3114204,-247,1417,1170,-392,1699,1307
3114303,-437,1009,572,-278,1039,761
3114402,670,527,1197,553,713,1266
3114501,-10,288,278,-150,422,272
3114550,-66,281,215,-47,346,299
3114600,-4,198,194,-35,248,213
3114709,-157,209,52,-119,206,87
3114808,-86,158,72,-108,184,76
3114907,160,242,402,104,298,402
3115003,72,516,588,57,571,628
3115102,0,147,147,-33,223,190
3115300,-385,2130,1745,-228,2467,2239
3115359,-252,571,319,-281,636,355
3115409,-128,254,126,-113,237,124
3115458,-491,773,282,-455,814,359
3115474,27,177,204,-1,240,239
3115508,-777,1426,649,-880,1638,758
3115607,-72,197,125,-93,259,166
3115706,-266,552,286,-302,638,336
3115805,-527,809,282,-567,913,346
3115904,114,109,223,125,118,243
3116001,30,288,318,2,315,317
3116100,-451,526,75,-492,585,93
3116159,381,422,803,610,490,1100
3116209,-10,98,88,17,91,108
3116308,-401,536,135,-459,638,179
3116407,18,109,127,99,59,158
3116506,-221,577,356,-398,776,378
3116605,240,802,1042,339,1155,1494
3116704,31,415,446,74,450,524
3116803,-251,612,361,-187,639,452
3116902,-2,280,278,44,243,287
3117009,-116,299,183,-120,336,216
3117108,-30,426,396,64,457,521
3115201,-15,81,66,-22,107,85
3117306,-18,1165,1147,66,1233,1299
3117207,-221,534,313,-277,629,352
3117405,-422,1184,762,-440,1414,974
3117504,419,235,654,455,256,711
3117603,113,253,366,24,354,378
3117702,148,280,428,90,411,501
3117801,-71,189,118,-88,233,145
3117836,427,154,581,257,331,588
3117876,223,316,539,193,462,655
3117900,263,2066,2329,491,2321,2812
3118007,-334,428,94,-435,535,100
3118106,-29,385,356,-89,488,399
3118205,2586,2964,5550,2573,3753,6326
3118304,46,1227,1273,-205,1810,1605
3118403,50,92,142,54,114,168
3118502,15119,29580,44699,19877,32531,52408
3118601,-289,775,486,-312,847,535
3118700,-1451,2369,918,-1845,3017,1172
3118809,-188,879,691,-308,1108,800
3118908,37,231,268,11,251,262
3119005,-1239,2386,1147,-1544,2965,1421
3119104,-144,725,581,-126,811,685
3119203,-375,1607,1232,-653,2091,1438
3119302,58,4973,5031,168,5968,6136
3119401,-377,586,209,-473,754,281
3119500,-68,339,271,41,238,279
3119609,-2,131,129,2,155,157
3119708,8,219,227,-8,243,235
3119807,-115,222,107,-131,253,122
3119906,17,141,158,128,83,211
3119955,-288,492,204,-406,646,240
3120003,61,179,240,7,250,257
3120102,-163,417,254,-85,441,356
3120151,382,367,749,408,441,849
3120201,-31,181,150,7,178,185
3120300,-47,331,284,9,279,288
3120409,-89,346,257,-210,492,282
3120508,253,262,515,77,445,522
3120607,-145,371,226,-242,495,253
3120706,51,556,607,76,644,720
3120805,170,174,344,220,127,347
3120839,96,234,330,78,263,341
3120870,-634,4114,3480,-802,4968,4166
3120904,-118,422,304,-134,445,311
3121001,-89,390,301,-132,401,269
3121100,-26,230,204,-53,270,217
3121209,212,296,508,360,302,662
3121258,7,261,268,-3,259,256
3121308,-119,337,218,-68,387,319
3121407,-85,187,102,-8,182,174
3121506,-2359,4183,1824,-2935,5324,2389
3121605,-251,415,164,-239,402,163
3121704,-108,762,654,-110,885,775
3121803,246,101,347,242,155,397
3121902,-679,1100,421,-472,1102,630
3122009,258,166,424,317,200,517
3122108,166,464,630,142,523,665
3122207,2167,7089,9256,2814,8651,11465
3122306,-96,341,245,33,240,273
3122355,-234,433,199,-272,551,279
3122405,-183,493,310,-33,367,334
3122454,50,186,236,-65,315,250
3122470,-569,855,286,-538,847,309
3122504,-149,307,158,-231,401,170
3122603,-220,577,357,-254,680,426
3122702,-53,81,28,-53,109,56
3122801,197,173,370,272,181,453
3122900,156,200,356,198,279,477
3123007,-392,568,176,-317,590,273
3123106,-739,1455,716,-684,1597,913
3123205,-252,495,243,-430,690,260
3123304,-165,250,85,-169,258,89
3123403,77,40,117,14,129,143
3123502,74,335,409,-29,518,489
3123528,156,530,686,106,674,780
3123601,-303,732,429,-130,726,596
3123700,-380,652,272,-273,615,342
3123809,98,310,408,-142,596,454
3123858,178,529,707,166,689,855
3123908,-463,882,419,-563,1105,542
3124005,6909,3111,10020,7779,3323,11102
3124104,591,829,1420,633,995,1628
3124203,-479,828,349,-525,901,376
3124302,-37,218,181,35,198,233
3124401,-235,391,156,-288,509,221
3124500,-9,87,78,-37,124,87
3124609,106,184,290,38,292,330
3124708,325,385,710,249,567,816
3124807,-62,445,383,-25,510,485
3124906,76,154,230,117,116,233
3125002,948,393,1341,1017,426,1443
3125101,81,168,249,90,185,275
3125200,-16,208,192,24,210,234
3125309,14,231,245,-32,301,269
3125408,4,153,157,13,191,204
3125606,-296,512,216,-413,710,297
3125705,22,855,877,158,1053,1211
3125804,107,271,378,123,279,402
3125903,-741,1081,340,-912,1310,398
3125952,-89,592,503,-35,658,623
3126000,565,275,840,363,532,895
3126109,145,1825,1970,-388,2567,2179
3126208,-49,253,204,-185,460,275
3126307,35,260,295,60,269,329
3126406,205,157,362,107,254,361
3126505,-135,271,136,-223,353,130
3126604,39,310,349,132,270,402
3126703,-200,1536,1336,-438,1959,1521
3126752,-28,171,143,-110,290,180
3126802,-218,353,135,-230,413,183
3126901,331,558,889,300,662,962
3126950,110,128,238,177,90,267
3127008,193,269,462,274,223,497
3127057,-110,194,84,-273,373,100
3127073,-50,163,113,-135,270,135
3127107,-87,1462,1375,-831,2269,1438
3127206,197,308,505,225,310,535
3127305,-142,662,520,-310,900,590
3127339,72,226,298,62,243,305
3127354,-59,199,140,-48,202,154
3127370,-96,203,107,-22,186,164
3127388,39,389,428,45,487,532
3127404,23,112,135,88,114,202
3127503,-305,542,237,-303,614,311
3127602,-725,1360,635,-762,1507,745
3127701,-3653,12332,8679,-3616,14615,10999
3127800,-342,973,631,-439,1223,784
3127909,-34,108,74,-24,100,76
3128006,476,1955,2431,424,2324,2748
3128105,-216,760,544,-224,870,646
3128204,-270,548,278,-383,692,309
3128253,129,141,270,174,116,290
3128303,50,612,662,34,712,746
3128402,-156,494,338,-186,618,432
3128501,103,114,217,133,122,255
3128600,380,302,682,342,404,746
3128709,-294,1338,1044,-232,1445,1213
3128808,-39,402,363,-137,508,371
3128907,-266,679,413,-380,841,461
3129004,-236,502,266,-306,621,315
3129103,-169,711,542,-297,919,622
3129202,-140,360,220,-198,436,238
3129301,-155,617,462,-324,872,548
3129400,-103,322,219,-88,402,314
3129509,-398,1224,826,-297,1452,1155
3129608,-124,590,466,-93,609,516
3129657,-91,208,117,-124,242,118
3129707,221,220,441,123,299,422
3129806,10382,5431,15813,11814,5970,17784
3129905,-40,273,233,-43,297,254
3130002,-62,168,106,-59,165,106
3130051,-21,237,216,-6,317,311
3130101,3403,1405,4808,3355,1700,5055
3130200,910,338,1248,992,352,1344
3130309,-181,624,443,-182,722,540
3130408,80,168,248,168,136,304
3130507,347,197,544,414,232,646
3130556,-234,697,463,-171,680,509
3130606,-96,360,264,-49,324,275
3130655,-57,238,181,-97,323,226
3130705,-424,811,387,-44,561,517
3130804,105,131,236,88,172,260
3130903,-796,2299,1503,-1227,2891,1664
3131000,115,466,581,61,586,647
3131109,127,323,450,281,282,563
3131158,1170,536,1706,1292,596,1888
3131208,11,1143,1154,-197,1513,1316
3131307,-1509,15750,14241,-690,18006,17316
3131406,-96,244,148,-141,306,165
3131505,-49,410,361,-112,481,369
3131604,80,463,543,192,403,595
3131703,-1269,4504,3235,-1361,5454,4093
3131802,80,390,470,-198,724,526
3131901,816,1809,2625,1123,2222,3345
3132008,-243,422,179,-334,507,173
3132107,-151,699,548,-424,1090,666
3132206,-72,730,658,-168,931,763
3132305,-216,698,482,-236,792,556
3132404,447,3183,3630,700,3618,4318
3132503,-242,1351,1109,-494,1916,1422
3132602,-137,353,216,-187,415,228
3132701,-1185,1948,763,-1593,2498,905
3132800,-97,124,27,-170,225,55
3132909,-28,330,302,-91,412,321
3133006,33,498,531,-79,639,560
3133105,446,365,811,403,421,824
3133204,-528,1068,540,-724,1314,590
3133303,-602,1248,646,-510,1459,949
3133402,372,417,789,461,505,966
3133501,-473,1238,765,-439,1542,1103
3133600,38,334,372,41,342,383
3133709,655,446,1101,590,556,1146
3133758,308,440,748,324,486,810
3133808,1190,2198,3388,1182,2661,3843
3133907,-425,599,174,-441,649,208
3134004,-373,680,307,-603,942,339
3134103,97,231,328,164,258,422
3134202,-960,4632,3672,-125,4872,4747
3134301,-45,202,157,-86,259,173
3134400,-422,1700,1278,-296,1885,1589
3134509,-282,399,117,-276,465,189
3134608,970,840,1810,1129,985,2114
3134707,-420,882,462,-500,1039,539
3134806,-251,715,464,-235,742,507
3134905,276,284,560,210,443,653
3135001,222,162,384,218,238,456
3135050,620,1983,2603,923,2033,2956
3135076,-119,303,184,-134,409,275
3135100,-1973,4355,2382,-2241,5339,3098
3135209,-2457,3630,1173,-2832,4461,1629
3135308,330,106,436,382,114,496
3135357,-237,480,243,-219,491,272
3135407,-289,421,132,-442,605,163
3135456,196,141,337,158,205,363
3135506,-306,670,364,-436,896,460
3135605,-163,625,462,-81,585,504
3135704,11,506,517,30,556,586
3135803,-1129,2115,986,-1472,2799,1327
3135902,22,145,167,22,175,197
3136009,-798,1368,570,-1076,1695,619
3136108,-184,463,279,-207,490,283
3136207,244,3763,4007,-531,5078,4547
3136306,-599,2272,1673,-715,2790,2075
3136405,-119,401,282,-353,655,302
3136504,-419,672,253,-311,659,348
3136520,-105,270,165,-44,215,171
3136553,467,88,555,413,110,523
3136579,-68,153,85,-124,222,98
3136652,279,265,544,224,408,632
3136702,2650,1038,3688,3176,993,4169
3136801,4596,11176,15772,5782,12429,18211
3136900,68,186,254,54,249,303
3136959,176,293,469,187,327,514
3137007,-27,122,95,-2,166,164
3137106,-112,648,536,-263,840,577
3137205,-235,765,530,-365,924,559
3137304,1084,1055,2139,784,1622,2406
3137403,-368,492,124,-365,506,141
3137502,-14,385,371,5,394,399
3137536,-90,1115,1025,-132,1363,1231
3137601,271,502,773,352,488,840
3137700,4943,1670,6613,5608,1975,7583
3137809,-179,1082,903,-193,1218,1025
3137908,-185,675,490,-158,849,691
3138005,-255,400,145,-275,475,200
3138104,-171,392,221,-141,396,255
3138203,42,500,542,114,487,601
3138302,1414,3625,5039,1202,4334,5536
3138351,54,191,245,67,231,298
3138401,-113,312,199,-49,255,206
3138500,-740,1780,1040,-809,2163,1354
3138609,-6,124,118,13,145,158
3138625,284,663,947,78,1024,1102
3138658,91,340,431,146,311,457
3138674,-17,428,411,-14,451,437
3138682,113,264,377,24,411,435
3138708,-90,351,261,-41,387,346
3138807,85,285,370,4,378,382
3138906,-68,1026,958,-29,1161,1132
3139003,-149,565,416,-167,623,456
3139102,-438,1707,1269,-331,1999,1668
3139201,63,154,217,33,207,240
3139250,-1382,1767,385,-1402,1973,571
3139300,21,135,156,-12,163,151
3139409,-1051,1394,343,-969,1474,505
3139508,-847,4361,3514,-974,5547,4573
3139607,-128,1241,1113,-442,1717,1275
3139805,-535,1208,673,-790,1727,937
3139706,35,495,530,24,531,555
3139904,301,287,588,279,402,681
3140001,-570,827,257,-658,985,327
3140100,511,2867,3378,1026,3147,4173
3140159,35,179,214,-33,265,232
3140209,1650,695,2345,1864,548,2412
3140308,70,50,120,77,58,135
3140407,99,345,444,61,400,461
3140506,-63,120,57,-80,137,57
3140530,-153,965,812,-98,1221,1123
3140555,205,432,637,249,457,706
3140605,30,123,153,-3,181,178
3140704,-146,311,165,-123,306,183
3171501,1898,1492,3390,1944,1582,3526
3140803,94,505,599,340,529,869
3140852,-209,783,574,-366,981,615
3140902,-360,1185,825,-259,1325,1066
3141009,-329,642,313,-365,699,334
3141108,1044,1482,2526,979,1743,2722
3141207,-118,315,197,-171,366,195
3141306,133,91,224,136,95,231
3141405,-841,1364,523,-957,1646,689
3141504,-139,441,302,-219,564,345
3141603,-117,450,333,-246,612,366
3141702,-160,361,201,-111,350,239
3141801,-1071,1643,572,-1074,1719,645
3141900,-21,257,236,-3,259,256
3142007,-493,797,304,-466,948,482
3142106,-214,738,524,-100,751,651
3142205,-340,748,408,-347,877,530
3142254,43,99,142,-66,204,138
3142304,38,415,453,149,345,494
3142403,-123,506,383,-69,494,425
3142502,-155,276,121,-192,318,126
3142601,268,250,518,275,284,559
3142700,-439,567,128,-497,688,191
3142809,643,717,1360,439,1010,1449
3142908,-410,838,428,-528,1027,499
3143005,-294,591,297,-292,691,399
3143104,-699,2479,1780,-598,2850,2252
3143153,-155,324,169,16,246,262
3143203,-309,712,403,-292,682,390
3143401,3749,13768,17517,3873,16254,20127
3143302,131,478,609,155,512,667
3143450,48,113,161,64,114,178
3143500,-29,584,555,-126,746,620
3143609,-24,160,136,-80,242,162
3143708,-143,274,131,-154,313,159
3143807,-94,192,98,-129,224,95
3143906,662,2684,3346,595,3108,3703
3144003,-616,1315,699,-734,1599,865
3144102,294,607,901,302,752,1054
3144201,-66,184,118,-7,260,253
3144300,-634,1744,1110,-471,1910,1439
3144359,75,559,634,137,520,657
3144375,-8,276,268,94,236,330
3144409,88,170,258,64,202,266
3144508,-430,699,269,-233,571,338
3144607,-487,1251,764,-549,1466,917
3144656,15,67,82,10,80,90
3144672,-116,189,73,-68,196,128
3144706,-1054,1671,617,-845,1618,773
3144805,4022,2597,6619,4196,3028,7224
3144904,-83,258,175,13,191,204
3145000,713,572,1285,412,951,1363
3145059,628,198,826,623,256,879
3145109,135,270,405,69,409,478
3145208,7377,3270,10647,8375,3459,11834
3136603,-505,1099,594,-638,1361,723
3145307,-4,403,399,-56,557,501
3145356,101,109,210,159,84,243
3145372,-216,295,79,-192,275,83
3145406,19,280,299,-18,409,391
3145455,39,91,130,58,103,161
3145505,-330,1776,1446,-649,2422,1773
3145604,5,118,123,-31,163,132
3145703,69,296,365,107,359,466
3145802,47,250,297,84,253,337
3145851,229,278,507,387,194,581
3145877,1625,1366,2991,1688,1460,3148
3145901,-99,868,769,47,1025,1072
3146008,-532,3676,3144,-521,4115,3594
3146107,-562,655,93,-582,717,135
3146206,-20,178,158,-20,200,180
3146255,-868,1594,726,-1034,1883,849
3146305,-132,483,351,-168,548,380
3146552,-189,598,409,-266,734,468
3146404,-126,231,105,-106,253,147
3146503,-41,122,81,-37,121,84
3146602,-261,347,86,-268,375,107
3146701,-143,313,170,-219,399,180
3146750,-366,954,588,-394,1062,668
3146909,21,2611,2632,196,2867,3063
3147105,1377,2584,3961,1915,3432,5347
3147006,-41,503,462,-99,616,517
3147204,-2,630,628,-92,765,673
3147303,420,1371,1791,489,1444,1933
3147402,56,65,121,25,105,130
3147600,-160,377,217,-98,358,260
3147709,26,492,518,-58,627,569
3147808,3,47,50,2,47,49
3147501,-467,2870,2403,-78,3158,3080
3147907,-15,198,183,-1,199,198
3147956,824,6201,7025,345,7686,8031
3148004,-1218,4182,2964,-887,4505,3618
3148103,143,110,253,177,137,314
3148202,-412,715,303,-555,941,386
3148301,-47,227,180,-109,303,194
3148400,9,520,529,35,635,670
3148509,-743,1294,551,-1162,1807,645
3148608,-1656,2020,364,-2044,2655,611
3148707,-192,284,92,-189,329,140
3148756,-361,482,121,-333,510,177
3148806,42,225,267,-13,298,285
3148905,-107,226,119,-50,187,137
3149002,-463,803,340,-677,1048,371
3149101,-39,340,301,30,327,357
3149150,18,274,292,-1,307,306
3149200,523,2385,2908,788,2589,3377
3149309,-47,147,100,-100,207,107
3149408,100,102,202,63,144,207
3149507,74,303,377,116,310,426
3149606,1026,209,1235,968,291,1259
3149705,520,805,1325,544,969,1513
3149804,-73,863,790,109,891,1000
3149903,-163,531,368,-61,502,441
3149952,-20,240,220,-157,399,242
3150000,98,89,187,14,178,192
3150109,543,259,802,691,297,988
3150158,17,181,198,-44,251,207
3150208,-136,253,117,-124,292,168
3150307,44,291,335,-25,391,366
3150406,99,311,410,75,381,456
3150505,15,308,323,200,307,507
3150539,-81,191,110,-91,262,171
3150570,-169,351,182,-217,429,212
3150604,165,180,345,289,241,530
3150703,-622,1020,398,-814,1256,442
3150802,95,137,232,107,158,265
3150901,197,399,596,248,418,666
3151008,7,243,250,93,249,342
3151107,-1379,4270,2891,-1835,5352,3517
3151206,-167,567,400,-66,471,405
3151305,-357,1213,856,-251,1477,1226
3151404,-453,1729,1276,-121,1940,1819
3151503,199,333,532,258,348,606
3151602,-61,445,384,-6,484,478
3151701,1268,3296,4564,2045,3629,5674
3151800,-101,552,451,-237,731,494
3151909,-239,1182,943,17,1331,1348
3152006,-1739,4311,2572,-2244,5124,2880
3152105,-19,248,229,36,264,300
3152131,264,231,495,257,261,518
3152170,-1207,2017,810,-1769,2685,916
3152204,28,395,423,-132,584,452
3152303,-230,949,719,-262,1152,890
3152402,3490,3717,7207,3750,4427,8177
3152501,-197,423,226,-125,415,290
3152600,-33,303,270,-69,369,300
3152709,-86,1423,1337,-238,1640,1402
3152808,-224,485,261,-277,560,283
3152907,-89,209,120,-122,245,123
3153004,-254,439,185,-239,452,213
3153103,-262,390,128,-268,468,200
3153202,-17,82,65,-1,93,92
3153301,-113,1071,958,-98,1190,1092
3153400,12,554,566,-18,730,712
3153608,584,281,865,573,373,946
3153707,-248,388,140,-86,425,339
3153806,93,72,165,69,119,188
3153905,-180,483,303,-118,593,475
3154002,-1075,1969,894,-1229,2404,1175
3154101,9,191,200,52,260,312
3154150,226,443,669,344,469,813
3154200,249,336,585,170,504,674
3154309,-128,770,642,-246,1035,789
3154408,-75,308,233,-34,317,283
3154457,-231,544,313,-139,515,376
3154507,-489,710,221,-504,751,247
3154606,27689,7372,35061,31695,7474,39169
3154705,110,119,229,132,142,274
3154804,664,110,774,479,278,757
3154903,-693,1191,498,-1219,1823,604
3155108,-126,301,175,-127,315,188
3155009,-27,282,255,-87,356,269
3155207,-346,501,155,-408,572,164
3155306,257,283,540,182,387,569
3155405,-259,566,307,-371,742,371
3155504,619,585,1204,637,695,1332
3155603,-564,953,389,-572,1109,537
3155702,-183,1110,927,-476,1471,995
3155801,148,846,994,96,984,1080
3155900,-173,230,57,-115,207,92
3156007,-477,622,145,-713,873,160
3156106,-106,331,225,-150,385,235
3156205,30,93,123,41,99,140
3156304,594,282,876,599,290,889
3156403,172,246,418,210,235,445
3156452,204,207,411,194,192,386
3156502,-551,698,147,-591,791,200
3156601,-579,980,401,-779,1261,482
3156700,5785,3822,9607,6389,4348,10737
3156809,-724,1186,462,-804,1343,539
3156908,-117,1134,1017,-553,1510,957
3157005,-415,2150,1735,-424,2608,2184
3157104,-233,474,241,-209,488,279
3157203,-473,1712,1239,-743,2174,1431
3157252,-68,683,615,-32,780,748
3157278,3,173,176,-94,284,190
3157302,-38,154,116,-20,150,130
3157336,600,141,741,649,131,780
3157377,-117,193,76,-69,162,93
3157401,-89,246,157,-133,372,239
3157500,-234,370,136,-303,464,161
3157609,44,215,259,39,266,305
3157658,-319,454,135,-419,563,144
3157708,95,551,646,-164,849,685
3157807,6351,7388,13739,7631,7359,14990
3157906,-115,629,514,-277,838,561
3158003,-360,763,403,-316,743,427
3158102,-220,398,178,-204,433,229
3158201,-1169,1806,637,-1242,2064,822
3159209,-143,664,521,38,620,658
3159407,-3,192,189,-22,219,197
3159308,-338,725,387,-548,958,410
3159357,-55,104,49,-95,127,32
3159506,7,114,121,20,136,156
3159605,-3,147,144,2,178,180
3159704,60,404,464,52,505,557
3159803,5226,506,5732,5695,560,6255
3158300,199,179,378,141,253,394
3158409,-137,294,157,-120,307,187
3158508,-333,642,309,-308,689,381
3158607,-88,194,106,-79,185,106
3158706,362,381,743,417,431,848
3158805,-132,219,87,-137,272,135
3158904,-277,569,292,-240,572,332
3158953,344,1357,1701,314,1572,1886
3159001,-102,300,198,-72,295,223
3159100,526,978,1504,432,1298,1730
3159902,-353,772,419,-859,1350,491
3160009,58,96,154,48,127,175
3160108,-50,307,257,-41,339,298
3160207,-38,140,102,-134,244,110
3160306,-479,783,304,-736,1124,388
3160405,904,826,1730,1037,993,2030
3160454,-125,209,84,-115,205,90
3160504,2,76,78,-45,127,82
3160603,-62,201,139,-72,240,168
3160702,-736,1652,916,-979,2029,1050
3160801,12,306,318,-115,465,350
3160900,222,119,341,139,182,321
3160959,161,187,348,98,296,394
3161007,-419,1286,867,-638,1647,1009
3161056,7,223,230,37,232,269
3161106,-1483,2387,904,-1837,3161,1324
3161205,-306,418,112,-324,522,198
3161304,92,219,311,-107,419,312
3161403,-106,467,361,-28,444,416
3161502,296,309,605,265,398,663
3161601,-167,361,194,-240,460,220
3161650,182,227,409,137,279,416
3161700,381,337,718,354,394,748
3161809,643,362,1005,749,495,1244
3161908,300,302,602,229,506,735
3125507,-770,1766,996,-822,1917,1095
3162005,-693,1933,1240,-582,2227,1645
3162104,232,176,408,323,221,544
3162203,11,333,344,114,293,407
3162252,-130,248,118,-133,258,125
3162302,-889,1330,441,-1173,1710,537
3162401,12,137,149,42,165,207
3162450,-988,3643,2655,-1086,4127,3041
3162500,162,448,610,270,460,730
3162559,139,162,301,136,178,314
3162575,-302,651,349,-411,843,432
3162609,44,147,191,97,121,218
3162658,-88,360,272,-214,501,287
3162708,-337,1033,696,-748,1471,723
3162807,-491,1257,766,-645,1438,793
3162906,3596,1252,4848,3434,1715,5149
3162922,309,297,606,327,297,624
3162948,2129,479,2608,2194,582,2776
3162955,-89,304,215,-100,347,247
3163003,258,249,507,212,351,563
3163102,-70,309,239,-100,357,257
3163201,-79,258,179,-152,350,198
3163300,-360,638,278,-421,718,297
3163409,-285,519,234,-397,661,264
3163508,59,88,147,13,145,158
3163607,297,1394,1691,261,1783,2044
3163706,-77,386,309,-126,470,344
3163805,-73,264,191,-113,356,243
3163904,-237,535,298,-342,746,404
3164100,-130,511,381,-80,530,450
3164001,-135,558,423,-33,613,580
3164209,-55,416,361,-69,468,399
3164308,-2,283,281,82,225,307
3164407,105,124,229,161,112,273
3164431,272,226,498,222,317,539
3164472,-670,924,254,-812,1114,302
3164506,288,136,424,268,207,475
3164605,1292,1074,2366,1273,1218,2491
3164704,73,66,139,36,122,158
3164803,61,67,128,57,74,131
3164902,-1,477,476,-45,608,563
3165206,66,228,294,148,222,370
3165008,-325,592,267,-393,685,292
3165107,-139,394,255,-207,541,334
3165305,-60,119,59,-145,209,64
3165404,242,158,400,231,191,422
3165503,2804,1007,3811,3127,1063,4190
3165537,-302,478,176,-365,574,209
3165560,-138,325,187,-273,483,210
3165578,-139,318,179,-109,328,219
3165602,-33,156,123,-52,189,137
3165701,-242,407,165,-359,585,226
3165800,99,100,199,60,135,195
3165909,-374,543,169,-400,673,273
3166006,-92,284,192,-294,518,224
3166105,112,106,218,53,168,221
3166204,-113,307,194,-239,482,243
3166303,-189,405,216,-217,489,272
3166402,47,41,88,15,67,82
3166501,-350,433,83,-467,578,111
3166600,19,99,118,-1,145,144
3166808,88,140,228,39,184,223
3166709,218,601,819,304,576,880
3166907,-319,561,242,-266,541,275
3166956,-47,186,139,-96,261,165
3167004,-8,131,123,-10,146,136
3167103,-997,1627,630,-1225,2023,798
3167202,4116,6950,11066,4258,8474,12732
3165552,-85,190,105,-118,240,122
3167301,186,258,444,81,399,480
3167400,45,87,132,67,92,159
3167509,151,767,918,-13,1052,1039
3167608,50,259,309,-62,436,374
3167707,82,182,264,70,217,287
3167806,-122,307,185,-127,362,235
3167905,217,957,1174,255,1086,1341
3168002,-35,246,211,-44,286,242
3168051,-20,221,201,61,204,265
3168101,-50,253,203,-27,231,204
3168200,183,180,363,288,157,445
3168309,-308,1063,755,-585,1495,910
3168408,-304,862,558,-203,800,597
3168507,-1072,6368,5296,-2166,8589,6423
3168606,641,3662,4303,192,4680,4872
3168705,244,249,493,279,250,529
3168804,-195,504,309,-255,605,350
3168903,168,562,730,30,734,764
3169000,71,63,134,36,92,128
3169059,40,53,93,40,61,101
3169109,69,213,282,44,251,295
3169208,-71,2450,2379,-325,3009,2684
3169307,377,1755,2132,503,2108,2611
3169356,-1064,2746,1682,-1267,3284,2017
3169406,399,156,555,344,252,596
3169505,95,1315,1410,-68,1647,1579
3169604,12,839,851,-3,971,968
3169703,125,161,286,43,287,330
3169802,1108,3379,4487,1607,3987,5594
3169901,-192,549,357,-196,620,424
3170008,172,634,806,229,699,928
3170057,2312,7202,9514,3931,7640,11571
3170107,13173,14567,27740,14814,15685,30499
3170206,-56,181,125,-79,221,142
3170305,-954,2836,1882,-590,3404,2814
3170404,-42,336,294,2,356,358
3170438,70,113,183,68,145,213
3170479,-152,661,509,-39,629,590
3170503,111,533,644,29,661,690
3170529,-215,564,349,-170,605,435
3170578,-194,433,239,-252,550,298
3170602,-177,287,110,-215,328,113
3170651,2040,3762,5802,2029,4377,6406
3170701,265,478,743,394,381,775
3170750,-633,2277,1644,-837,2817,1980
3170800,-616,1031,415,-847,1320,473
3170909,-767,1586,819,-669,1709,1040
3171006,22,379,401,129,385,514
3171030,-98,272,174,-145,329,184
3171071,187,312,499,123,388,511
3171105,-89,321,232,-156,415,259
3171154,7338,3879,11217,8091,4084,12175
3171204,250,4473,4723,642,4345,4987
3171303,8,182,190,-46,232,186
3171402,-84,200,116,-87,232,145
3171600,-49,480,431,-149,621,472
3171709,-92,296,204,-66,337,271
3171808,-172,708,536,-175,889,714
3171907,-205,542,337,-175,619,444
3172004,701,1052,1753,708,1422,2130
3172103,-88,266,178,-115,306,191
3172202,97,64,161,61,117,178
